检查renderocc哪里有写死 例如  对于类别的数据增强  nerf的数据采样  检查rays的输入口 以及模型的输入

1.配准应人石、粤海数据 并跑起来
2.轮renderocc跑完后检查时写死的参数加上上全数据
3.开始改ppt的模型
4.看一篇论文



修改；了dataset 封了数据aug
get-ray获取射线
数据体格扩大 1格2m 96 64 96


get_rays   ray.py 关掉重采样
nerf  gt_depth[gt_depth>52] = 0    #深度超过52米的采样射线舍去 这里要改



制作数据
应人石、丽湖、粤海

=================应人石=================
点云转mesh
0.99958888 0.01316461 -0.02547092 5.21205691
0.02550559 -0.00247239 0.99967162 8.71233226
-0.01309732 0.99991029 0.00280714 -18.35113605
0.00000000 0.00000000 0.00000000 1.00000000
mesh转点云
0.99958888 0.02550559 -0.01309732 -5.67247794
0.01316461 -0.00247239 0.99991029 18.30241524
-0.02547092 0.99967162 0.00280714 -8.52520119
0.00000000 0.00000000 0.00000000 1.00000000
mesh到伪局部
-0.02063011 -0.00836580 0.99975218 17.58254447
0.03866828 -0.99922348 -0.00756345 8.56109525
0.99903912 0.03850267 0.02093758 -4.48046445
0.00000000 0.00000000 0.00000000 1.00000000
伪局部到mesh
-0.02063011 0.03866828 0.99903912 4.50784615
-0.00836580 -0.99922348 0.03850267 8.87404931
0.99975218 -0.00756345 0.02093758 -17.41962559
0.00000000 0.00000000 0.00000000 1.00000000

粤海
点云-》mesh
0.99995155 -0.00277162 -0.00944514 -6876.50858895
0.00945041 0.00189163 0.99995355 -8.63313346
0.00275363 0.99999437 -0.00191773 -7058.97404732
0.00000000 0.00000000 0.00000000 1.00000000
mesh-》点云
0.99995155 0.00945041 0.00275363 6895.69480337
-0.00277162 0.00189163 0.99999437 7039.89155408
-0.00944514 0.99995355 -0.00191773 -69.85406940
0.00000000 0.00000000 0.00000000 1.00000000

丽湖
点云-》mesh
0.99998608 0.00416019 -0.00324617 388.45822813
0.00324668 -0.00011573 0.99999472 2.36797640
-0.00415979 0.99999134 0.00012924 -1379.51396795
0.00000000 0.00000000 0.00000000 1.00000000
mesh-》点云
0.99998608 0.00324668 -0.00415979 -394.19900139
0.00416019 -0.00011573 0.99999134 1377.88623439
-0.00324617 0.99999472 0.00012924 -0.92867871
0.00000000 0.00000000 0.00000000 1.00000000

芜湖
点云转mesh
0.99998953 -0.00447939 0.00093300 -4.48697151
-0.00093309 -0.00001939 0.99999956 -19.57629683
0.00447937 0.99998997 0.00002357 -54.91117595
0.00000000 0.00000000 0.00000000 1.00000000
mesh转点云
0.99998953 -0.00093309 0.00447937 4.71462550
-0.00447939 -0.00001939 0.99998997 54.89014660
0.00093300 0.99999956 0.00002357 19.58176877
0.00000000 0.00000000 0.00000000 1.00000000

龙华
点云转mesh
0.99954086 0.00431095 0.02999147 -163.87431504
-0.03003344 0.01002675 0.99949860 -4.34879178
-0.00400807 0.99994044 -0.01015162 -70.57609906
0.00000000 0.00000000 0.00000000 1.00000000
mesh转点云
0.99954086 -0.03003344 -0.00400807 163.38559054
0.00431095 0.01002675 0.99994044 71.32195303
0.02999147 0.99949860 -0.01015162 8.54498087
0.00000000 0.00000000 0.00000000 1.00000000

青岛
点云转mesh
0.99999959 -0.00041826 0.00080255 43.31841575
-0.00080256 -0.00002720 0.99999968 -200.61969388
0.00041824 0.99999991 0.00002754 76.14872781
0.00000000 0.00000000 0.00000000 1.00000000
mesh转点云
0.99999959 -0.00080256 0.00041824 -43.51125578
-0.00041826 -0.00002720 0.99999991 -76.13606046
0.00080255 0.99999968 0.00002754 200.58276691
0.00000000 0.00000000 0.00000000 1.00000000


1.threepoints 产生point2mesh 和mesh2point矩阵
2.mian_for_ue5  记得换matrix、start_loacation


如何得到伪造局部矩阵
首先先开main直接拍 得到局部雷达图  点云过strat trans  再过mesh（首先选取好start点 然后初始化main的start点 然后拍一张 将点用toue给恢复成局部 然后用get_yajubu去生成（要用记录好的点） 最后用threepoints获取亚局部矩阵 ）